#Ruggedness to performance


hillClimbing <- c(0.1639468, 0.8280546 0.2616505 0.7067217 0.6742425 0.2740507 0.6408546 0.9148404 0.849022 0.7442067 0.5362564 0.07194061 0.6887596 0.6127429)